end69
127
187
247
303
363
423
483
543
603
663
723
783
843
903
963
1023
1083
1143
1203
1262
1322
1382
1442
1502
1562
1622
1682
1742
1802
1862
1922
1982
2042
2102
2162
2219
2279
2339
2399
2459
2519
2579
2639
2699
2759
2819
2879
2939
2999
3059
3119
3179
3239
3299
3359
3419
3479
3539
3599
3659
3719
3779
3839
3899
3959
4019
4079
4139
4199
4259
4319
4379
4439
4499
4559
4619
4679
4739
4799
4859
4919
4979
5039
5095
5155
5215
5275
5335
5395
5455
5515
5575
5635
5695
5755
5815
5875
5935
5995
6055
encryption done 102 102
