1664506
 2496780
 3329001
 4161229
 4993453
 5825647
 832183
 1664481
 2496731
 3328954
 832230
 1664554
 2496829
 3329067
 4161304
 4993524
 5825743
 6657927
 7490132
 8322275
 832205
 1664483
 2496730
 3328951
 4161203
 4993450
 5825627
 832165
 1664464
 832259
 1664561
 2496818
 3329069
 4161287
 832245
 1664544
 2496821
 3329061
 4161310
 4993555
 5825753
 6657937
 832189
 1664497
 2496750
 3328974
 4161221
 4993461
 5825680
 832164
 832290
 1664580
 2496800
 3329029
 4161267
 4993475
 5825663
 6657849
 7490038
 8322212
 832214
 1664513
 2496753
 3328976
 4161219
 4993439
 5825651
 6657840
 7490043
 8322207
 832204
 1664479
 832252
 1664561
 2496820
 3329081
 4161318
 4993559
 5825784
 6657979
 832219
 1664498
 2496732
 3328963
 4161197
 4993401
 5825638
 6657812
 7490030
 8322223
 832224
 1664527
 2496768
 3328992
 4161242
 832230
 832291
 1664607
 2496850
 3329065
 832232
 832296
 1664598
 2496842
 3329044
 4161291
 4993507
 5825720
 6657899
 7490103
 8322285
 9154517
 9986666
 832159
 1664472
 2496718
 3328946
 4161167
 4993418
 5825606
 6657813
 7489985
 8322163
 9154373
 9986563
 10818724
 11650822
 832118
 832307
 1664602
 2496854
 3329079
 832199
 1664515
 2496785
 3329004
 4161248
 4993469
 832219
 832317
 1664610
 2496866
 3329119
 4161364
 4993595
 5825758
 6657921
 832215
 1664509
 2496734
 3328977
 4161231
 4993454
 5825668
 6657875
 7490079
 8322219
 832200
 1664493
 2496735
 3328992
 4161229
 4993474
 5825699
 832187
 832289
 832291
 1664595
 2496854
 3329056
 4161285
 832254
 1664549
 2496822
 3329066
 4161308
 4993561
 5825759
 6657934
 7490152
 8322292
 832206
 1664500
 2496770
 832200
 1664498
 2496759
 3328979
 4161220
 4993487
 5825679
 6657864
 7490040
 832175
 1664476
 2496745
 3328979
 832254
 832310
 1664589
 2496860
 3329088
 4161315
 4993551
 5825757
 6657937
 7490138
 8322298
 832191
 1664493
 2496723
 3328958
 832253
 1664542
 2496819
 3329040
 4161265
 4993518
 832180
 1664475
 832269
 1664564
 2496821
 3329087
 832233
 1664537
 2496802
 3329061
 4161294
 4993522
 5825722
 6657872
 832189
 1664499
 2496767
 3328994
 4161242
 4993490
 5825707
 6657887
 832204
 1664488
 832243
 1664552
 2496811
 3329039
 832215
 1664511
 2496781
 3329003
 4161245
 4993504
 832212
 832283
 1664572
 2496836
 3329077
 4161309
 4993532
 5825717
 6657894
 7490095
 8322280
 9154511
 9986639
 832155
 1664452
 2496708
 3328900
 4161137
 832218
 1664533
 2496801
 3329009
 4161227
 832265
 1664572
 2496839
 3329087
 4161337
 4993560
 5825764
 6657953
 7490174
 8322329
 9154556
 9986702
 832154
 1664409
 832247
 832293
 832298
 1664624
 2496878
 3329087
 4161309
 4993539
 5825755
 6657910
 832188
 1664492
 2496717
 832228
 1664523
 2496789
 3328999
 832253
 1664551
 2496791
 3329046
 4161288
 4993519
 5825723
 6657909
 832182
 1664487
 2496711
 832199
 832320
 1664613
 2496839
 3329066
 4161293
 4993536
 5825740
 6657927
 7490134
 832168
 1664470
 2496726
 3328971
 4161194
 4993424
 5825635
 6657824
 7490000
 8322176
 9154392
 9986565
 10818733
 832086
 1664354
 2496582
 3328784
 4160989
 832190
 1664483
 2496725
 3328943
 4161196

