832714
 1665451
 832669
 1665380
 2498065
 3330674
 4163303
 832612
 832723
 1665444
 2498110
 832654
 832745
 1665467
 2498130
 3330759
 832655
 1665360
 832690
 832731
 1665462
 2498168
 832634
 1665373
 832687
 1665399
 2498099
 832668
 1665397
 832679
 832734
 1665466
 832639
 1665375
 832667
 832713
 1665446
 2498117
 832637
 832720
 1665460
 2498139
 3330809
 832622
 1665337
 832690
 1665419
 2498092
 3330730
 832633
 1665365
 832701
 1665413
 2498119
 3330757
 832631
 1665350
 2498021
 3330665
 4163301
 4995905
 832588
 832712
 1665419
 2498130
 832662
 1665395
 832692
 1665423
 2498117
 3330767
 832623
 1665339
 832706
 1665423
 832687
 1665413
 832682
 1665411
 832704
 1665421
 2498093
 3330755
 4163400
 832630
 832725
 1665458
 832695
 1665447
 832694
 1665457
 832662
 1665368
 2498029
 832641
 832720
 1665435
 2498122
 3330780
 832629
 832727
 1665461
 2498123
 832694
 1665431
 2498115
 3330763
 4163394
 4996026
 5828614
 832547
 832705
 1665445
 832675
 1665412
 832669
 832706
 1665449
 832668
 1665396
 832637
 1665369
 2498053
 832651
 1665364
 832667
 832740
 1665470
 2498163
 832677
 1665413
 2498105
 3330737
 832636
 832744
 1665481
 832690
 1665447
 832695
 832755
 1665454
 832690
 1665421
 832695
 832749
 1665485
 2498197
 3330844
 4163472
 4996094
 832571
 1665250
 2497913
 832628
 1665331
 2498032
 3330637
 4163274
 832613
 832703
 1665427
 2498116
 832631
 1665368
 2498050
 3330720
 832639
 1665378
 2498063
 832617
 832727
 1665467
 832699
 832739
 832734
 832718
 1665442
 2498092
 3330722
 832664
 1665359
 2498050
 832662
 1665393
 832678
 832747
 1665487
 2498185
 832634
 832745
 832753
 832736
 1665477
 2498170
 3330809
 832621
 1665317
 2497974
 832644
 832704
 832733
 832753
 1665482
 832695
 1665427
 2498108
 832668
 1665391
 832663
 1665411
 832704
 1665433
 2498090
 832650
 832726
 832719
 1665447
 832657
 832727
 832751
 1665490
 832686
 1665423
 832682
 832736
 1665470
 2498163
 3330816
 832606
 1665336
 2498019
 832667
 832735
 832742
 832735
 832715
 832749
 1665501
 832645
 832708
 1665448
 2498125
 3330758
 832635
 832727
 1665464
 2498145
 3330785
 4163386
 4996004
 832588
 1665281
 2497934
 3330536
 832628
 832716
 1665434
 2498117
 3330761
 4163417
 4996047
 832606
 832716
 1665446
 832674
 1665397
 832672
 1665411
 832667
 1665397
 2498074
 3330716
 832649
 832731
 1665438
 2498138
 832628
 832736
 832715
 832737
 1665478
 2498153
 832633
 832721
 1665454
 2498109
 832633
 832739
 832741
 1665487
 832679
 1665434
 2498113
 3330759
 832647
 832707
 1665432
 832690
 1665434
 832664
 832733
 1665461
 2498156
 3330796
 832620
 1665368
 2498048
 832650
 832732
 1665458
 2498152
 3330831
 832635
 832739
 1665481
 2498158
 3330807
 4163440
 4996069
 832576
 1665305
 2497948
 3330580
 4163232
 832608
 1665340
 832661
 1665406
 832687
 832720
 1665434
 2498115
 3330753
 4163406
 832653
 1665379
 2498070
 832647
 1665366
 2498031
 3330687
 832627
 832747
 1665478
 832669
 832752
 1665486
 2498163
 3330814
 4163429
 832656
 1665377
 832670
 1665391
 832667
 1665414
 2498086
 832640
 832736
 1665440
 2498120
 832668
 1665404
 832704
 1665421
 2498120
 832647
 1665382
 2498061
 832635
 1665370
 2498042
 832660
 1665403
 2498084
 832664
 1665397
 832676
 832713
 1665437
 2498106
 3330782
 832629
 1665371
 2498063
 832659
 1665402
 2498085
 832676
 832730
 1665441
 832695
 1665406
 2498091
 832627
 832711
 1665441
 832705
 1665421
 2498095
 3330763
 832626
 832733
 1665436
 2498129
 3330765
 832655
 832740
 1665468
 2498159
 3330805
 832639
 1665358
 832688
 832744
 1665477
 2498157
 3330836
 832627
 1665364
 2498048
 3330666
 4163318
 832616
 1665350
 2498051
 832666
 1665392
 2498092
 832686
 832719
 1665444
 832681
 1665408
 832675
 1665415
 832676
 832728
 832747
 832728
 1665452
 832674
 1665421
 2498098
 832674
 1665437
 832698
 832740
 1665488
 832695
 1665428
 2498121
 832647
 832732
 1665458
 2498149
 832653
 1665378
 2498042
 3330714

